
    bind, type, st_info, st_shndx, st_other
A 
B 1 0 16 26 0, 1 0 16 26 0, 
b 0 1 1 26 0, 
C
D 1 0 16 25 0, 1 0 16 25 0, 1 1 17 25 2, 1 1 17 25 2,
d 0 1 1 22 0, 0 1 1 21 0, 0 1 1 24 0, 0 1 1 23 0,
G
g
i
N
p
R 1 1 17 18 0, 
r 0 1 1 4 0, 0 1 1 20 0, 0 0 0 19 0, 
S
s
T 1 2 18 16 0, 1 2 18 16 0, 1 2 18 17 2, 1 2 18 12 2, 1 2 18 1 0
t 0 2 2 16 0, 0 2 2 16 0, 0 2 2 16 0, 
U 1 2 18 0 0, 1 2 18 0 0, 1 0 16 0 0,
u
V
v
W 2 0 32 25 0, 2 0 32 0 0, 2 0 32 0 0, 2 0 32 0 0, 
w 2 2 34 0 0, 
-
?

non shown 0, 4 4 65521 0 